00
00
00
00
00
00
00
00
00
00
00
00
00
00
00
00
00
00
00
00
00
00
00
00
00
00
00
00
00
00
00
00
00
00
00
00
00
00
00
00
00
00
00
00
00
00
00
00
85
5a
00
00
c0
00
80
00
fe
fe
fe
fe
fe
fe
fe
fe
fe
fe
fe
fe
fe
fe
fe
fe
fe
fe
00
00
00
0b
03
08
08
fa
0b
40
52
70
01
40
fb
00
10
0a
19
f0
10
01
05
07
0c
10
f7
98
00
00
70
fe
00
80
70
00
c0
70
47
09
ff
01
80
00
00
01
ad
04
10
06
ac
70
00
00
24
c5
1b
52
f7
ce
fb
00
08
68
20
08
ff
28
08
80
00
00
00
00
04
20
02
bc
28
09
01
1b
37
19
98
5e
9e
36
1b
18
10
30
a2
64
e4
49
e4
01
ff
09
10
53
00
41
c1
6d
c6
00
00
00
70
ff
0c
00
03
80
00
7c
00
78
00
03
56
6d
76
00
00
70
00
01
48
68
28
01
0c
00
01
12
01
00
00
0a
0a
00
00
80
c0
00
00
80
c0
00
00
00
91
01
01
01
02
83
01
19
c0
10
00
00
ff
01
00
ff
01
00
10
00
70
00
81
11
70
00
00
ff
01
10
48
00
00
70
01
70
73
00
70
02
12
00
70
00
01
00
70
ff
ff
ff
ff
ff
00
00
00
00
00
00
00
00
00
00
73
00
